1 2602 2602.00000
2 5291 2645.50000
3 7839 2613.00000
4 10065 2516.25000
5 12190 2438.00000
6 13775 2295.83333
7 16000 2285.71428
8 18758 2344.75000
9 21179 2353.22222
10 22993 2299.30000
11 24436 2221.45454
12 25783 2148.58333
13 27686 2129.69230
14 28805 2057.50000
15 30234 2015.60000
16 31454 1965.87500
17 32434 1907.88235
18 33494 1860.77777
19 34822 1832.73684
20 36373 1818.65000
21 37188 1770.85714
22 37855 1720.68181
23 38115 1657.17391
24 38917 1621.54166
25 39246 1569.84000
26 41061 1579.26923
27 41301 1529.66666
28 41662 1487.92857
29 42583 1468.37931
30 42717 1423.90000
31 43483 1402.67741
32 43218 1350.56250
33 43848 1328.72727
34 44162 1298.88235
35 43729 1249.40000
36 43363 1204.52777
37 44652 1206.81081
38 45323 1192.71052
39 45094 1156.25641
40 44865 1121.62500
41 46241 1127.82926
42 46083 1097.21428
43 46676 1085.48837
44 46347 1053.34090
45 46921 1042.68888
46 46669 1014.54347
47 46363 986.44680
48 44406 925.12500
49 47391 967.16326
50 47619 952.38000
51 47711 935.50980
52 47967 922.44230
53 47926 904.26415
54 47885 886.75925
55 47933 871.50909
56 48655 868.83928
57 47914 840.59649
58 47764 823.51724
59 48146 816.03389
60 47129 785.48333
61 46475 761.88524
62 44922 724.54838
63 43369 688.39682
64 44467 694.79687
