1 7921 7921.00000
2 15838 7919.00000
3 23720 7906.66666
4 31707 7926.75000
5 39417 7883.40000
6 47461 7910.16666
7 55156 7879.42857
8 60879 7609.87500
9 68584 7620.44444
10 74321 7432.10000
11 81660 7423.63636
12 83603 6966.91666
13 90693 6976.38461
14 94384 6741.71428
15 101246 6749.73333
16 107439 6714.93750
17 115997 6823.35294
18 124095 6894.16666
19 131698 6931.47368
20 139997 6999.85000
21 146666 6984.09523
22 155421 7064.59090
23 162669 7072.56521
24 168349 7014.54166
25 176231 7049.24000
26 181564 6983.23076
27 187204 6933.48148
28 190755 6812.67857
29 197265 6802.24137
30 201070 6702.33333
31 208634 6730.12903
32 216734 6772.93750
33 217910 6603.33333
34 217788 6405.52941
35 217756 6221.60000
36 220461 6123.91666
37 221449 5985.10810
38 221422 5826.89473
39 223831 5739.25641
40 225042 5626.05000
41 225401 5497.58536
42 225507 5369.21428
43 226570 5269.06976
44 226231 5141.61363
45 227236 5049.68888
46 227206 4939.26086
47 226603 4821.34042
48 227209 4733.52083
49 227690 4646.73469
50 229561 4591.22000
51 231169 4532.72549
52 231923 4460.05769
53 232504 4386.86792
54 233478 4323.66666
55 235256 4277.38181
56 235443 4204.33928
57 236377 4146.96491
58 237529 4095.32758
59 237603 4027.16949
60 238217 3970.28333
61 238621 3911.81967
62 239316 3859.93548
63 239064 3794.66666
64 240211 3753.29687
