1 5345
11 5377
21 5224
31 5151
41 5048
51 4957
61 4896
71 4778
81 4740
91 4657
101 4573
111 4498
121 4426
131 4396
141 4286
151 4210
161 4176
171 4102
181 4056
191 4040
201 3946
211 3901
221 3822
231 3799
241 3744
251 3715
261 3637
271 3615
281 3584
291 3516
301 3493
311 3444
321 3392
331 3354
341 3298
351 3282
361 3233
371 3218
381 3179
391 3137
401 3096
411 3080
421 3023
431 3004
441 2982
451 2936
461 2883
471 2879
481 2842
491 2802
501 2774
511 2737
521 2731
531 2676
541 2653
551 2608
561 2544
571 2572
581 2538
591 2505
601 2490
611 2467
621 2426
631 2379
641 2358
651 2348
661 2306
671 2273
681 2250
691 2217
701 2177
711 2136
721 2162
731 2102
741 2102
751 2065
761 2016
771 2008
781 1975
791 1948
801 1932
811 1887
821 1879
831 1856
841 1804
851 1793
861 1769
871 1744
881 1724
891 1701
901 1686
911 1645
921 1645
931 1616
941 1584
951 1564
961 1552
971 1537
981 1504
991 1498
1000 1368
1100 1345
1200 1217
1300 1153
1400 1073
1500 948
1600 939
1700 891
1800 835
1900 787
2000 742
2100 679
2200 675
2300 645
2400 614
2500 594
2600 565
2700 525
2800 522
2900 491
3000 487
3100 473
3200 454
3300 429
3400 421
3500 406
3600 406
3700 394
3800 373
3900 364
4000 354
4100 355
4200 344
4300 337
4400 329
4500 319
4600 315
4700 305
4800 302
4900 296
5000 282
5100 285
5200 279
5300 274
5400 268
5500 263
5600 258
5700 254
5800 250
5900 240
6000 241
6100 236
6200 228
6300 228
6400 226
6500 221
6600 219
6700 212
6800 212
6900 206
7000 206
7100 204
7200 196
7300 198
7400 195
7500 189
7600 189
7700 188
7800 185
7900 183
8000 178
8100 177
8200 176
8300 173
8400 169
8500 167
8600 168
8700 164
8800 164
8900 161
9000 156
9100 156
9200 154
9300 153
9400 151
9500 149
9600 148
9700 147
9800 144
9900 145
10000 144
