1 86107
11 60448
21 46557
31 37510
41 31723
51 26934
61 23746
71 21576
81 19437
91 17701
101 16268
111 15126
121 14090
131 13286
141 12516
151 11703
161 10960
171 10473
181 10004
191 9495
201 9115
211 8690
221 8342
231 8036
241 7751
251 7522
261 7250
271 6958
281 6689
291 6528
301 6298
311 6112
321 5944
331 5811
341 5601
351 5442
361 5322
371 5196
381 5038
391 4911
401 4847
411 4731
421 4626
431 4494
441 4417
451 4337
461 4209
471 4116
481 4050
491 3931
501 3923
511 3809
521 3719
531 3669
541 3552
551 3503
561 3469
571 3420
581 3324
591 3302
601 3206
611 3156
621 3087
631 3027
641 3002
651 2936
661 2900
671 2815
681 2779
691 2760
701 2687
711 2651
721 2567
731 2573
741 2505
751 2501
761 2399
771 2398
781 2387
791 2350
801 2272
811 2209
821 2181
831 2143
841 2112
851 2090
861 2081
871 2015
881 1996
891 1939
901 1946
911 1871
921 1868
931 1813
941 1803
951 1778
961 1734
971 1697
981 1680
991 1661
1000 1629
1100 1422
1200 1258
1300 1144
1400 1052
1500 976
1600 900
1700 837
1800 769
1900 728
2000 686
2100 648
2200 612
2300 577
2400 548
2500 524
2600 504
2700 480
2800 457
2900 434
3000 423
3100 408
3200 396
3300 377
3400 371
3500 359
3600 344
3700 333
3800 325
3900 317
4000 307
4100 301
4200 290
4300 283
4400 278
4500 270
4600 262
4700 257
4800 252
4900 246
5000 241
5100 237
5200 233
5300 228
5400 223
5500 219
5600 214
5700 210
5800 206
5900 201
6000 199
6100 196
6200 191
6300 187
6400 186
6500 182
6600 179
6700 177
6800 172
6900 171
7000 167
7100 166
7200 164
7300 161
7400 160
7500 156
7600 154
7700 153
7800 149
7900 149
8000 147
8100 145
8200 143
8300 141
8400 139
8500 139
8600 135
8700 135
8800 132
8900 131
9000 128
9100 128
9200 127
9300 124
9400 124
9500 123
9600 122
9700 119
9800 119
9900 118
10000 116
