1 2321
11 2229
21 1999
31 2069
41 2004
51 1817
61 1751
71 1701
81 1759
91 1714
101 1580
111 1532
121 1493
131 1526
141 1426
151 1393
161 1360
171 1393
181 1363
191 1269
201 1302
211 1219
221 1194
231 1222
241 1198
251 1129
261 1090
271 1117
281 1058
291 1079
301 1058
311 1000
321 1017
331 969
341 994
351 941
361 928
371 916
381 925
391 881
401 866
411 886
421 847
431 834
441 821
451 834
461 797
471 787
481 778
491 767
501 755
511 748
521 758
531 750
541 722
551 729
561 708
571 707
581 687
591 680
601 686
611 659
621 671
631 651
641 656
651 634
661 640
671 632
681 609
691 620
701 600
711 608
721 599
731 583
741 587
751 581
761 575
771 560
781 553
791 561
801 545
811 538
821 545
831 538
841 535
851 529
861 521
871 510
881 515
891 499
901 496
911 496
921 494
931 483
941 479
951 484
961 479
971 467
981 460
991 469
1000 454
1100 419
1200 395
1300 370
1400 346
1500 322
1600 305
1700 287
1800 273
1900 259
2000 247
2100 238
2200 226
2300 217
2400 208
2500 201
2600 194
2700 186
2800 181
2900 168
3000 163
3100 157
3200 152
3300 148
3400 144
3500 141
3600 136
3700 133
3800 129
3900 126
4000 124
4100 120
4200 118
4300 115
4400 112
4500 110
4600 108
4700 105
4800 103
4900 102
5000 99
5100 98
5200 96
5300 95
5400 92
5500 91
5600 89
5700 88
5800 87
5900 85
6000 84
6100 82
6200 84
6300 79
6400 78
6500 77
6600 76
6700 75
6800 74
6900 73
7000 72
7100 71
7200 70
7300 69
7400 68
7500 67
7600 66
7700 66
7800 65
7900 64
8000 63
8100 62
8200 62
8300 61
8400 61
8500 60
8600 59
8700 58
8800 58
8900 58
9000 57
9100 56
9200 56
9300 55
9400 55
9500 54
9600 53
9700 53
9800 52
9900 52
10000 51
